-2.326 1
0.924 1
0.363 1
-1.367 1
-0.125 1
-0.955 1
0.712 1
-0.04 1
1.302 1
-1.785 1
-1.172 1
-1.235 1
-0.222 1
-0.228 1
-0.545 1
-1.946 1
0.59 1
-1.582 1
-0.04 1
-0.574 1
0.227 1
0.787 1
-0.99 1
2.568 1
-0.604 1
0.177 1
2.068 1
0.13 1
-0.17 1
-0.153 1
-1.568 1
0.265 1
1.199 1
1.147 1
-0.77 1
-0.815 1
-1.803 1
-0.699 1
0.981 1
-0.175 1
0.249 1
-3.454 1
0.466 1
-0.373 1
0.854 1
1.583 1
-0.702 1
0.359 1
-1.323 1
-1.914 1
3.024 2
5.524 2
5.151 2
4.088 2
-1.379 2
-0.423 2
-6.889 2
2.899 2
-7.635 2
-0.822 2
1.911 2
-3.962 2
-9.9 2
6.157 2
6.416 2
-0.196 2
-2.401 2
-5.859 2
-8.493 2
-1.745 2
5.705 2
3.521 2
-2.789 2
0.425 2
0.484 2
2.734 2
-2.315 2
-0.762 2
5.001 2
9.273 2
-2.915 2
3.472 2
-0.396 2
-4.594 2
-0.295 2
0.063 2
3.346 2
8.701 2
1.998 2
3.649 2
-3.096 2
-4.352 2
0.972 2
5.935 2
-4.113 2
2.087 2
-0.689 2
3.893 2
-1.287 2
-8.259 2
