1.795 -0.426
-0.678 -2.646
0.751 1.097
-1.339 0.454
0.872 0.32
0.33 1.695
-0.476 0.138
0.921 0.617
1.168 0.126
-0.681 -1.195
1.581 1.203
-0.838 1.443
-0.179 1.635
-0.253 0.478
-0.649 -0.929
-0.874 -0.538
-1.529 -0.785
1.769 0.408
1.009 0.986
-0.541 -0.195
2.464 1.872
-0.261 -1.01
1.559 -0.336
1.149 -0.046
0.525 1.918
0.661 1.196
-0.546 0.638
-0.881 -0.284
-1.394 -0.189
1.054 1.241
-0.357 -0.777
-2.399 0.548
0.033 -0.024
-1.487 -1.057
1.395 -0.473
0.66 1.307
-1.538 -0.415
-0.307 0.167
0.576 1.713
-1.402 1.053
-1.682 -0.279
-1.401 0.446
-0.312 0.688
0.911 -0.699
-0.132 -1.643
0.761 1.161
0.811 0.471
-0.179 0.831
-0.712 1.476
-0.422 -0.316
